30
0
0=3,7 : 1 2 12005 12006 12007 3 12002 12001 
12001=2,1 : 12009 12010 4 12012 12013 12014 0 12034 
12002=2,1 : 5 12016 12017 6 12019 12020 7 0 
1=3,4 : 12073 12046 2 0 3 12053 5 12009 
2=3,6 : 12046 12047 12044 12005 0 1 12016 12010 
12005=2,1 : 2 12044 12045 12025 12006 0 12017 4 
12006=2,1 : 0 12005 12025 12026 12027 12007 6 12012 
12007=2,1 : 3 0 12006 12027 -1 12054 12019 12013 
3=3,5 : 12053 1 0 12007 12054 12055 12020 12014 
12009=2,1 : 12077 12048 12010 12001 12014 12056 1 10 
12010=2,1 : 12048 12049 9 4 12001 12009 2 12039 
4=3,8 : 12010 9 12037 12038 12012 12001 12005 8 
12012=2,1 : 12001 4 12038 -1 -1 12013 12006 12043 
12013=2,1 : 12014 12001 12012 -1 -1 12057 12007 -1 
12014=2,1 : 12056 12009 12001 12013 12057 12058 3 12096 
5=3,3 : 12072 12050 12016 12002 12020 12059 12063 1 
12016=2,1 : 12050 12051 12052 12017 12002 5 12064 2 
12017=2,1 : 12016 12052 -1 12022 6 12002 12029 12005 
6=3,2 : 12002 12017 12022 12023 12024 12019 12021 12006 
12019=2,1 : 12020 12002 6 12024 -1 12060 12033 12007 
12020=2,1 : 12059 5 12002 12019 12060 12061 12065 3 
12021=2,1 : 7 12029 12030 12031 12032 12033 12069 6 
12022=2,1 : 12017 -1 -1 -1 12023 6 12030 12025 
12023=2,1 : 6 12022 -1 -1 -1 12024 12031 12026 
12024=2,1 : 12019 6 12023 -1 -1 -1 12032 12027 
12025=2,1 : 12005 12045 -1 -1 12026 12006 12022 12038 
12026=2,1 : 12006 12025 -1 -1 -1 12027 12023 -1 
12027=2,1 : 12007 12006 12026 -1 -1 -1 12024 -1 
7=3,1 : 12063 12064 12029 12021 12033 12065 12062 12002 
12029=2,1 : 12064 -1 -1 12030 12021 7 12068 12017 
12030=2,1 : 12029 -1 -1 -1 12031 12021 -1 12022 
12031=2,1 : 12021 12030 -1 -1 -1 12032 -1 12023 
12032=2,1 : 12033 12021 12031 -1 -1 -1 -1 12024 
12033=2,1 : 12065 7 12021 12032 -1 -1 12070 12019 
12034=2,1 : 10 12039 8 12043 -1 12096 12001 12091 
8=3,9 : 12039 12040 12041 12042 12043 12034 4 12085 
9=3,10 : 12049 12078 12079 12037 4 12010 12044 12040 
12037=2,1 : 9 12079 -1 -1 12038 4 12045 12041 
12038=2,1 : 4 12037 -1 -1 -1 12012 12025 12042 
12039=2,1 : 12095 12080 12040 8 12034 10 12010 12086 
12040=2,1 : 12080 12081 12082 12041 8 12039 9 12087 
12041=2,1 : 12040 12082 -1 -1 12042 8 12037 12088 
12042=2,1 : 8 12041 -1 -1 -1 12043 12038 12089 
12043=2,1 : 12034 8 12042 -1 -1 -1 12012 12090 
12044=2,1 : 12047 12083 12084 12045 12005 2 12052 9 
12045=2,1 : 12044 12084 -1 -1 12025 12005 -1 12037 
12046=2,1 : -1 -1 12047 2 1 12073 12050 12048 
12047=2,1 : -1 -1 12083 12044 2 12046 12051 12049 
12048=2,1 : -1 -1 12049 12010 12009 12077 12046 12095 
12049=2,1 : -1 -1 12078 9 12010 12048 12047 12080 
12050=2,1 : -1 -1 12051 12016 5 12072 12075 12046 
12051=2,1 : -1 -1 -1 12052 12016 12050 -1 12047 
12052=2,1 : 12051 -1 -1 -1 12017 12016 -1 12044 
12053=2,1 : -1 12073 1 3 12055 -1 12059 12056 
12054=2,1 : 12055 3 12007 -1 -1 -1 12060 12057 
12055=2,1 : -1 12053 3 12054 -1 -1 12061 12058 
12056=2,1 : -1 12077 12009 12014 12058 -1 12053 12097 
12057=2,1 : 12058 12014 12013 -1 -1 -1 12054 -1 
12058=2,1 : -1 12056 12014 12057 -1 -1 12055 -1 
12059=2,1 : -1 12072 5 12020 12061 -1 12076 12053 
12060=2,1 : 12061 12020 12019 -1 -1 -1 -1 12054 
12061=2,1 : -1 12059 12020 12060 -1 -1 -1 12055 
12062=2,1 : 12066 12067 12068 12069 12070 12071 -1 7 
12063=2,1 : 12074 12075 12064 7 12065 12076 12066 5 
12064=2,1 : 12075 -1 -1 12029 7 12063 12067 12016 
12065=2,1 : 12076 12063 7 12033 -1 -1 12071 12020 
12066=2,1 : -1 -1 12067 12062 12071 -1 -1 12063 
12067=2,1 : -1 -1 -1 12068 12062 12066 -1 12064 
12068=2,1 : 12067 -1 -1 -1 12069 12062 -1 12029 
12069=2,1 : 12062 12068 -1 -1 -1 12070 -1 12021 
12070=2,1 : 12071 12062 12069 -1 -1 -1 -1 12033 
12071=2,1 : -1 12066 12062 12070 -1 -1 -1 12065 
12072=2,1 : -1 -1 12050 5 12059 -1 12074 12073 
12073=2,1 : -1 -1 12046 1 12053 -1 12072 12077 
12074=2,1 : -1 -1 12075 12063 12076 -1 -1 12072 
12075=2,1 : -1 -1 -1 12064 12063 12074 -1 12050 
12076=2,1 : -1 12074 12063 12065 -1 -1 -1 12059 
12077=2,1 : -1 -1 12048 12009 12056 -1 12073 12094 
12078=2,1 : -1 -1 -1 12079 9 12049 12083 12081 
12079=2,1 : 12078 -1 -1 -1 12037 9 12084 12082 
12080=2,1 : -1 -1 12081 12040 12039 12095 12049 -1 
12081=2,1 : -1 -1 -1 12082 12040 12080 12078 -1 
12082=2,1 : 12081 -1 -1 -1 12041 12040 12079 -1 
12083=2,1 : -1 -1 -1 12084 12044 12047 -1 12078 
12084=2,1 : 12083 -1 -1 -1 12045 12044 -1 12079 
12085=2,1 : 12086 12087 12088 12089 12090 12091 8 -1 
12086=2,1 : 12099 -1 12087 12085 12091 12093 12039 -1 
12087=2,1 : -1 -1 -1 12088 12085 12086 12040 -1 
12088=2,1 : 12087 -1 -1 -1 12089 12085 12041 -1 
12089=2,1 : 12085 12088 -1 -1 -1 12090 12042 -1 
12090=2,1 : 12091 12085 12089 -1 -1 -1 12043 -1 
12091=2,1 : 12093 12086 12085 12090 -1 12100 12034 -1 
10=4,1 : 12094 12095 12039 12034 12096 12097 12009 12093 
12093=2,1 : 12098 12099 12086 12091 12100 12101 10 -1 
12094=2,1 : -1 -1 12095 10 12097 -1 12077 12098 
12095=2,1 : -1 -1 12080 12039 10 12094 12048 12099 
12096=2,1 : 12097 10 12034 -1 -1 -1 12014 12100 
12097=2,1 : -1 12094 10 12096 -1 -1 12056 12101 
12098=2,1 : -1 -1 12099 12093 12101 -1 12094 -1 
12099=2,1 : -1 -1 -1 12086 12093 12098 12095 -1 
12100=2,1 : 12101 12093 12091 -1 -1 -1 12096 -1 
12101=2,1 : -1 12098 12093 12100 -1 -1 12097 -1 
