30
42046
42046=4,1,-1 : 42049 42050 42051 42052 42053 42054 42048 42047 
42047=2,1,-1 : 42055 42056 42057 42058 42059 42060 42046 42083 
42048=2,1,-1 : 42061 42062 42063 42064 42065 42066 42098 42046 
42049=2,1,-1 : -1 42085 42050 42046 42054 -1 42061 42055 
42050=5,2,14 : 42085 42086 42087 42051 42046 42049 42062 42056 
42051=2,1,-1 : 42050 42087 -1 -1 42052 42046 42063 42057 
42052=2,1,-1 : 42046 42051 -1 -1 -1 42053 42064 42058 
42053=2,1,-1 : 42054 42046 42052 -1 -1 -1 42065 42059 
42054=2,1,-1 : -1 42049 42046 42053 -1 -1 42066 42060 
42055=2,1,-1 : -1 42088 42056 42047 42060 -1 42049 42096 
42056=2,1,-1 : 42088 42089 42090 42057 42047 42055 42050 42109 
42057=2,1,-1 : 42056 42090 -1 -1 42058 42047 42051 42082 
42058=2,1,-1 : 42047 42057 -1 -1 -1 42059 42052 42094 
42059=2,1,-1 : 42060 42047 42058 -1 -1 -1 42053 42081 
42060=2,1,-1 : -1 42055 42047 42059 -1 -1 42054 42084 
42061=2,1,-1 : -1 42091 42062 42048 42066 -1 42101 42049 
42062=2,1,-1 : 42091 42092 42093 42063 42048 42061 42102 42050 
42063=2,1,-1 : 42062 42093 -1 -1 42064 42048 42100 42051 
42064=2,1,-1 : 42048 42063 -1 -1 -1 42065 42097 42052 
42065=2,1,-1 : 42066 42048 42064 -1 -1 -1 42106 42053 
42066=2,1,-1 : -1 42061 42048 42065 -1 -1 42103 42054 
42081=1,1,-1 : 42084 42083 42094 -1 -1 -1 42059 -1 
42082=1,1,-1 : 42109 42104 -1 -1 42094 42083 42057 -1 
42083=1,1,-1 : 42096 42109 42082 42094 42081 42084 42047 -1 
42084=1,1,-1 : -1 42096 42083 42081 -1 -1 42060 -1 
42085=2,1,-1 : -1 -1 42086 42050 42049 -1 42091 42088 
42086=2,1,-1 : -1 -1 -1 42087 42050 42085 42092 42089 
42087=2,1,-1 : 42086 -1 -1 -1 42051 42050 42093 42090 
42088=2,1,-1 : -1 -1 42089 42056 42055 -1 42085 42095 
42089=2,1,-1 : -1 -1 -1 42090 42056 42088 42086 42108 
42090=2,1,-1 : 42089 -1 -1 -1 42057 42056 42087 42104 
42091=2,1,-1 : -1 -1 42092 42062 42061 -1 42099 42085 
42092=2,1,-1 : -1 -1 -1 42093 42062 42091 42105 42086 
42093=2,1,-1 : 42092 -1 -1 -1 42063 42062 42107 42087 
42094=1,1,-1 : 42083 42082 -1 -1 -1 42081 42058 -1 
42095=1,1,-1 : -1 -1 42108 42109 42096 -1 42088 -1 
42096=1,1,-1 : -1 42095 42109 42083 42084 -1 42055 -1 
42097=1,1,-1 : 42098 42100 -1 -1 -1 42106 -1 42064 
42098=1,1,-1 : 42101 42102 42100 42097 42106 42103 -1 42048 
42099=1,1,-1 : -1 -1 42105 42102 42101 -1 -1 42091 
42100=1,1,-1 : 42102 42107 -1 -1 42097 42098 -1 42063 
42101=1,1,-1 : -1 42099 42102 42098 42103 -1 -1 42061 
42102=1,1,-1 : 42099 42105 42107 42100 42098 42101 -1 42062 
42103=1,1,-1 : -1 42101 42098 42106 -1 -1 -1 42066 
42104=1,1,-1 : 42108 -1 -1 -1 42082 42109 42090 -1 
42105=1,1,-1 : -1 -1 -1 42107 42102 42099 -1 42092 
42106=1,1,-1 : 42103 42098 42097 -1 -1 -1 -1 42065 
42107=1,1,-1 : 42105 -1 -1 -1 42100 42102 -1 42093 
42108=1,1,-1 : -1 -1 -1 42104 42109 42095 42089 -1 
42109=1,1,-1 : 42095 42108 42104 42082 42083 42096 42056 -1 
