30
0
0=4,5,-1 : 2 12004 3 4 12007 12008 12002 1 
1=4,4,-1 : 12009 12010 5 6 7 12014 0 12030 
12002=2,1,-1 : 8 12016 9 10 12019 11 12050 0 
2=4,10,-1 : 12037 12038 12004 0 12008 12039 8 12009 
12004=2,1,-1 : 12038 -1 12031 3 0 2 12016 12010 
3=4,7,-1 : 12004 12031 12032 12033 4 0 9 5 
4=4,3,-1 : 0 3 12033 12076 12066 12007 10 6 
12007=2,1,-1 : 12008 0 4 12066 12067 12055 12019 7 
12008=2,1,-1 : 12039 2 0 12007 12055 12056 11 12014 
12009=2,1,-1 : 12 12041 12010 1 12014 13 2 12034 
12010=2,1,-1 : 12041 12107 12022 5 1 12009 12004 12025 
5=4,2,-1 : 12010 12022 12023 12024 6 1 3 12021 
6=4,1,-1 : 1 5 12024 12077 12060 7 4 12029 
7=4,6,-1 : 12014 1 6 12060 12061 12062 12007 12035 
12014=2,1,-1 : 13 12009 1 7 12062 12092 12008 12036 
8=4,11,-1 : 12043 12044 12016 12002 11 12045 12046 2 
12016=2,1,-1 : 12044 -1 12069 9 12002 8 12049 12004 
9=4,8,-1 : 12016 12069 12070 12071 10 12002 12068 3 
10=4,9,-1 : 12002 9 12071 12078 12079 12019 12075 4 
12019=2,1,-1 : 11 12002 10 12079 -1 12053 12057 12007 
11=4,12,-1 : 12045 8 12002 12019 12053 12054 12051 12008 
12021=2,1,-1 : 12025 12026 12027 12028 12029 12030 5 -1 
12022=2,1,-1 : 12107 -1 -1 12023 5 12010 12031 12026 
12023=2,1,-1 : 12022 -1 -1 -1 12024 5 12032 12027 
12024=2,1,-1 : 5 12023 -1 -1 12077 6 12033 12028 
12025=2,1,-1 : 14 12099 12026 12021 12030 12034 12010 12103 
12026=2,1,-1 : 12099 -1 -1 12027 12021 12025 12022 -1 
12027=2,1,-1 : 12026 -1 -1 -1 12028 12021 12023 -1 
12028=2,1,-1 : 12021 12027 -1 -1 12108 12029 12024 -1 
12029=2,1,-1 : 12030 12021 12028 12108 12063 12035 6 -1 
12030=2,1,-1 : 12034 12025 12021 12029 12035 12036 1 -1 
12031=2,1,-1 : -1 -1 -1 12032 3 12004 12069 12022 
12032=2,1,-1 : 12031 -1 -1 -1 12033 3 12070 12023 
12033=2,1,-1 : 3 12032 -1 -1 12076 4 12071 12024 
12034=2,1,-1 : 12080 14 12025 12030 12036 12087 12009 12104 
12035=2,1,-1 : 12036 12030 12029 12063 12064 12065 7 -1 
12036=2,1,-1 : 12087 12034 12030 12035 12065 12094 12014 -1 
12037=2,1,-1 : 12089 12090 12038 2 12039 12091 12043 12 
12038=2,1,-1 : 12090 -1 -1 12004 2 12037 12044 12041 
12039=2,1,-1 : 12091 12037 2 12008 12056 12096 12045 13 
12=4,13,-1 : 12081 12082 12041 12009 13 12083 12037 12080 
12041=2,1,-1 : 12082 12106 12107 12010 12009 12 12038 14 
13=4,14,-1 : 12083 12 12009 12014 12092 12093 12039 12087 
12043=2,1,-1 : -1 -1 12044 8 12045 -1 12047 12037 
12044=2,1,-1 : -1 -1 -1 12016 8 12043 12048 12038 
12045=2,1,-1 : -1 12043 8 11 12054 -1 12052 12039 
12046=2,1,-1 : 12047 12048 12049 12050 12051 12052 -1 8 
12047=2,1,-1 : -1 -1 12048 12046 12052 -1 -1 12043 
12048=2,1,-1 : -1 -1 -1 12049 12046 12047 -1 12044 
12049=2,1,-1 : 12048 -1 12072 12068 12050 12046 -1 12016 
12050=2,1,-1 : 12046 12049 12068 12075 12057 12051 -1 12002 
12051=2,1,-1 : 12052 12046 12050 12057 12058 12059 -1 11 
12052=2,1,-1 : -1 12047 12046 12051 12059 -1 -1 12045 
12053=2,1,-1 : 12054 11 12019 -1 -1 -1 12058 12055 
12054=2,1,-1 : -1 12045 11 12053 -1 -1 12059 12056 
12055=2,1,-1 : 12056 12008 12007 12067 -1 -1 12053 12062 
12056=2,1,-1 : 12096 12039 12008 12055 -1 -1 12054 12092 
12057=2,1,-1 : 12051 12050 12075 12110 -1 12058 -1 12019 
12058=2,1,-1 : 12059 12051 12057 -1 -1 -1 -1 12053 
12059=2,1,-1 : -1 12052 12051 12058 -1 -1 -1 12054 
12060=2,1,-1 : 7 6 12077 -1 -1 12061 12066 12063 
12061=2,1,-1 : 12062 7 12060 -1 -1 -1 12067 12064 
12062=2,1,-1 : 12092 12014 7 12061 -1 -1 12055 12065 
12063=2,1,-1 : 12035 12029 12108 -1 -1 12064 12060 -1 
12064=2,1,-1 : 12065 12035 12063 -1 -1 -1 12061 -1 
12065=2,1,-1 : 12094 12036 12035 12064 -1 -1 12062 -1 
12066=2,1,-1 : 12007 4 12076 -1 -1 12067 12079 12060 
12067=2,1,-1 : 12055 12007 12066 -1 -1 -1 -1 12061 
12068=2,1,-1 : 12049 12072 12073 12074 12075 12050 -1 9 
12069=2,1,-1 : -1 -1 -1 12070 9 12016 12072 12031 
12070=2,1,-1 : 12069 -1 -1 -1 12071 9 12073 12032 
12071=2,1,-1 : 9 12070 -1 -1 12078 10 12074 12033 
12072=2,1,-1 : -1 -1 -1 12073 12068 12049 -1 12069 
12073=2,1,-1 : 12072 -1 -1 -1 12074 12068 -1 12070 
12074=2,1,-1 : 12068 12073 -1 -1 12109 12075 -1 12071 
12075=2,1,-1 : 12050 12068 12074 12109 12110 12057 -1 10 
12076=2,1,-1 : 4 12033 -1 -1 -1 12066 12078 12077 
12077=2,1,-1 : 6 12024 -1 -1 -1 12060 12076 12108 
12078=2,1,-1 : 10 12071 -1 -1 -1 12079 12109 12076 
12079=2,1,-1 : 12019 10 12078 -1 -1 -1 12110 12066 
12080=2,1,-1 : 12084 12085 14 12034 12087 12088 12 12105 
12081=2,1,-1 : -1 -1 12082 12 12083 -1 12089 12084 
12082=2,1,-1 : -1 -1 12106 12041 12 12081 12090 12085 
12083=2,1,-1 : -1 12081 12 13 12093 -1 12091 12088 
12084=2,1,-1 : -1 -1 12085 12080 12088 -1 12081 -1 
12085=2,1,-1 : -1 -1 12098 14 12080 12084 12082 12100 
14=4,15,-1 : 12085 12098 12099 12025 12034 12080 12041 12097 
12087=2,1,-1 : 12088 12080 12034 12036 12094 12095 13 -1 
12088=2,1,-1 : -1 12084 12080 12087 12095 -1 12083 -1 
12089=2,1,-1 : -1 -1 12090 12037 12091 -1 -1 12081 
12090=2,1,-1 : -1 -1 -1 12038 12037 12089 -1 12082 
12091=2,1,-1 : -1 12089 12037 12039 12096 -1 -1 12083 
12092=2,1,-1 : 12093 13 12014 12062 -1 -1 12056 12094 
12093=2,1,-1 : -1 12083 13 12092 -1 -1 12096 12095 
12094=2,1,-1 : 12095 12087 12036 12065 -1 -1 12092 -1 
12095=2,1,-1 : -1 12088 12087 12094 -1 -1 12093 -1 
12096=2,1,-1 : -1 12091 12039 12056 -1 -1 -1 12093 
12097=2,1,-1 : 12100 12101 12102 12103 12104 12105 14 -1 
12098=2,1,-1 : -1 -1 -1 12099 14 12085 12106 12101 
12099=2,1,-1 : 12098 -1 -1 12026 12025 14 12107 12102 
12100=2,1,-1 : -1 -1 12101 12097 12105 -1 12085 -1 
12101=2,1,-1 : -1 -1 -1 12102 12097 12100 12098 -1 
12102=2,1,-1 : 12101 -1 -1 -1 12103 12097 12099 -1 
12103=2,1,-1 : 12097 12102 -1 -1 -1 12104 12025 -1 
12104=2,1,-1 : 12105 12097 12103 -1 -1 -1 12034 -1 
12105=2,1,-1 : -1 12100 12097 12104 -1 -1 12080 -1 
12106=2,1,-1 : -1 -1 -1 12107 12041 12082 -1 12098 
12107=2,1,-1 : 12106 -1 -1 12022 12010 12041 -1 12099 
12108=2,1,-1 : 12029 12028 -1 -1 -1 12063 12077 -1 
12109=2,1,-1 : 12075 12074 -1 -1 -1 12110 -1 12078 
12110=2,1,-1 : 12057 12075 12109 -1 -1 -1 -1 12079 
