30
0
0=4,4 : 2 12004 12005 12006 12007 3 12002 1 
1=4,7 : 12009 4 5 12012 12013 6 0 12030 
12002=2,1 : 12015 12016 12017 12018 7 12020 12067 0 
2=4,5 : 12037 12038 12004 0 3 12021 12015 12009 
12004=2,1 : 12038 12059 9 12005 0 2 12016 4 
12005=2,1 : 12004 9 12072 12073 12006 0 12017 5 
12006=2,1 : 0 12005 12073 -1 12064 12007 12018 12012 
12007=2,1 : 3 0 12006 12064 12065 12022 7 12013 
3=4,1 : 12021 2 0 12007 12022 12023 12020 6 
12009=2,1 : 12039 12040 4 1 6 12024 2 12031 
4=4,8 : 12040 12056 12053 5 1 12009 12004 12032 
5=5,10 : 4 12053 12054 12055 12012 1 12005 8 
12012=2,1 : 1 5 12055 -1 -1 12013 12006 12034 
12013=2,1 : 6 1 12012 -1 -1 12025 12007 12035 
6=5,3 : 12024 12009 1 12013 12025 12026 3 12036 
12015=2,1 : 12041 12042 12016 12002 12020 12027 -1 2 
12016=2,1 : 12042 12082 12077 12017 12002 12015 -1 12004 
12017=2,1 : 12016 12077 12085 -1 12018 12002 -1 12005 
12018=2,1 : 12002 12017 -1 -1 12062 7 12068 12006 
7=5,2 : 12020 12002 12018 12062 12063 12028 12061 12007 
12020=2,1 : 12027 12015 12002 7 12028 12029 12066 3 
12021=2,1 : -1 12037 2 3 12023 -1 12027 12024 
12022=2,1 : 12023 3 12007 12065 -1 -1 12028 12025 
12023=2,1 : -1 12021 3 12022 -1 -1 12029 12026 
12024=2,1 : 12096 12039 12009 6 12026 12097 12021 10 
12025=2,1 : 12026 6 12013 -1 -1 -1 12022 12075 
12026=2,1 : 12097 12024 6 12025 -1 -1 12023 12076 
12027=2,1 : -1 12041 12015 12020 12029 -1 -1 12021 
12028=2,1 : 12029 12020 7 12063 -1 -1 12071 12022 
12029=2,1 : -1 12027 12020 12028 -1 -1 -1 12023 
12030=2,1 : 12031 12032 8 12034 12035 12036 1 12052 
12031=2,1 : 12088 12057 12032 12030 12036 10 12009 12092 
12032=2,1 : 12057 12058 12044 8 12030 12031 4 12047 
8=6,9 : 12032 12044 12045 12046 12034 12030 5 12043 
12034=2,1 : 12030 8 12046 -1 -1 12035 12012 12051 
12035=2,1 : 12036 12030 12034 -1 -1 12075 12013 -1 
12036=2,1 : 10 12031 12030 12035 12075 12076 6 12093 
12037=2,1 : -1 -1 12038 2 12021 -1 12041 12039 
12038=2,1 : -1 -1 12059 12004 2 12037 12042 12040 
12039=2,1 : -1 -1 12040 12009 12024 12096 12037 12088 
12040=2,1 : -1 -1 12056 4 12009 12039 12038 12057 
12041=2,1 : -1 -1 12042 12015 12027 -1 -1 12037 
12042=2,1 : -1 -1 12082 12016 12015 12041 -1 12038 
12043=2,1 : 12047 12048 12049 12050 12051 12052 8 -1 
12044=2,1 : 12058 -1 -1 12045 8 12032 12053 12048 
12045=2,1 : 12044 -1 -1 -1 12046 8 12054 12049 
12046=2,1 : 8 12045 -1 -1 -1 12034 12055 12050 
12047=2,1 : -1 -1 12048 12043 12052 12092 12032 -1 
12048=2,1 : -1 -1 -1 12049 12043 12047 12044 -1 
12049=2,1 : 12048 -1 -1 -1 12050 12043 12045 -1 
12050=2,1 : 12043 12049 -1 -1 -1 12051 12046 -1 
12051=2,1 : 12052 12043 12050 -1 -1 -1 12034 -1 
12052=2,1 : 12092 12047 12043 12051 -1 12093 12030 -1 
12053=2,1 : 12056 12080 12081 12054 5 4 9 12044 
12054=2,1 : 12053 12081 -1 -1 12055 5 12072 12045 
12055=2,1 : 5 12054 -1 -1 -1 12012 12073 12046 
12056=2,1 : -1 -1 12080 12053 4 12040 12059 12058 
12057=2,1 : -1 -1 12058 12032 12031 12088 12040 -1 
12058=2,1 : -1 -1 -1 12044 12032 12057 12056 -1 
12059=2,1 : -1 -1 12078 9 12004 12038 12082 12056 
9=5,11 : 12059 12078 12079 12072 12005 12004 12077 12053 
12061=2,1 : 12066 12067 12068 12069 12070 12071 -1 7 
12062=2,1 : 7 12018 -1 -1 -1 12063 12069 12064 
12063=2,1 : 12028 7 12062 -1 -1 -1 12070 12065 
12064=2,1 : 12007 12006 -1 -1 -1 12065 12062 -1 
12065=2,1 : 12022 12007 12064 -1 -1 -1 12063 -1 
12066=2,1 : -1 -1 12067 12061 12071 -1 -1 12020 
12067=2,1 : -1 -1 -1 12068 12061 12066 -1 12002 
12068=2,1 : 12067 -1 -1 -1 12069 12061 -1 12018 
12069=2,1 : 12061 12068 -1 -1 -1 12070 -1 12062 
12070=2,1 : 12071 12061 12069 -1 -1 -1 -1 12063 
12071=2,1 : -1 12066 12061 12070 -1 -1 -1 12028 
12072=2,1 : 9 12079 -1 -1 12073 12005 12085 12054 
12073=2,1 : 12005 12072 -1 -1 -1 12006 -1 12055 
10=6,6 : 12087 12088 12031 12036 12076 12089 12024 12086 
12075=2,1 : 12076 12036 12035 -1 -1 -1 12025 -1 
12076=2,1 : 12089 10 12036 12075 -1 -1 12026 12094 
12077=2,1 : 12082 12083 12084 12085 12017 12016 -1 9 
12078=2,1 : -1 -1 -1 12079 9 12059 12083 12080 
12079=2,1 : 12078 -1 -1 -1 12072 9 12084 12081 
12080=2,1 : -1 -1 -1 12081 12053 12056 12078 -1 
12081=2,1 : 12080 -1 -1 -1 12054 12053 12079 -1 
12082=2,1 : -1 -1 12083 12077 12016 12042 -1 12059 
12083=2,1 : -1 -1 -1 12084 12077 12082 -1 12078 
12084=2,1 : 12083 -1 -1 -1 12085 12077 -1 12079 
12085=2,1 : 12077 12084 -1 -1 -1 12017 -1 12072 
12086=2,1 : 12090 12091 12092 12093 12094 12095 10 -1 
12087=2,1 : -1 -1 12088 10 12089 -1 12096 12090 
12088=2,1 : -1 -1 12057 12031 10 12087 12039 12091 
12089=2,1 : -1 12087 10 12076 -1 -1 12097 12095 
12090=2,1 : -1 -1 12091 12086 12095 -1 12087 -1 
12091=2,1 : -1 -1 -1 12092 12086 12090 12088 -1 
12092=2,1 : 12091 -1 12047 12052 12093 12086 12031 -1 
12093=2,1 : 12086 12092 12052 -1 -1 12094 12036 -1 
12094=2,1 : 12095 12086 12093 -1 -1 -1 12076 -1 
12095=2,1 : -1 12090 12086 12094 -1 -1 12089 -1 
12096=2,1 : -1 -1 12039 12024 12097 -1 -1 12087 
12097=2,1 : -1 12096 12024 12026 -1 -1 -1 12089 
